2022-11-21 15:29:39.547626
SVC(C=436.5158322401661, decision_function_shape='ovo',
    gamma=0.05248074602497726)